690399626,90,0,690463910,90,10,1008239507,100,0,1016689150,100,2,1016912185,70,6
690405014,70,0,690463030,90,2,690463995,100,2,692374523,100,3,692559027,90,3
690459149,90,0,690459076,100,5,692257306,100,3,1014454490,80,4,1015421706,80,3
690461062,90,0,1005347600,100,2,1016660429,100,2,1016904930,100,3
690461399,100,0,1005953152,70,4,1008139715,80,5,1016874984,100,3,1016904921,100,4
690462980,40,0,690393156,100,6,692409572,100,3,1014447078,100,2,1016903836,100,2
690463014,100,0,690458665,100,5,692131680,100,5,1016689176,100,1
690463464,100,0,692574816,100,3,1014370156,100,2,1014454465,100,2,1016689168,50,3
690464010,50,0,690408617,100,16,690458991,100,3,1014454503,100,3,1014510071,100,1
692904158,90,0,690459246,90,10
1006658162,100,0,1014454570,100,4,1014779046,100,3,1016925473,100,5
1013042279,100,0,690458657,90,4,690459025,80,5,690507534,100,4,690507615,80,11
1013177182,100,0,690459238,40,3,1014510098,100,7,1014510101,100,2,1016648160,100,1
1014454554,100,0,690459122,100,3,690477090,100,3,1005347597,100,4,1016963634,40,22
1014454562,100,0,690459980,100,2,692549935,100,4,692559043,100,3,692641890,50,5
1014459696,100,0,690407114,80,2,692257349,80,1,1014424388,100,3,1014454511,90,4
1016925503,100,0,690461070,90,2,1014447060,70,15,1016785078,100,6,1016904905,90,3
1017366087,90,0,690394268,100,2,1012758866,100,1,1017043407,100,2
