690407114,80,0,1008239507,100,3,1014454511,90,3,1014459696,100,2
690458657,90,0,690393156,100,5,692409572,100,4,1013042279,100,4
690459122,100,0,1005347597,100,3,1014447060,70,2,1014454554,100,3
690459980,100,0,692549935,100,2,1014454562,100,2,1016904930,100,3
690461070,90,0,692641890,50,3,1016785078,100,4,1016904905,90,5,1016925503,100,2
690463014,100,0,690405014,70,4,690463030,90,2,1016689176,100,1,1016912185,70,2
692131680,100,0,690399626,90,2,690458665,100,3,1016689150,100,1
692374523,100,0,690463995,100,3,692559027,90,4,1014424388,100,2
692574816,100,0,690507615,80,4,1014370156,100,1,1015421706,80,4
692904158,90,0,690408617,100,5,1014510098,100,1,1014510101,100,4
1013177182,100,0,690394268,100,4,690459238,40,3,690459246,90,4,1016648160,100,1
1014454465,100,0,690459025,80,2,690463464,100,2,690507534,100,5,1016689168,50,3
1014454490,80,0,690459076,100,2,692257306,100,3,692559043,100,3
1014454570,100,0,690461062,90,3,1016660429,100,1,1016925473,100,4
1014510071,100,0,690458991,100,4,690459149,90,4,690463910,90,2,690464010,50,1
1014779046,100,0,690477090,100,5,1005347600,100,6,1006658162,100,3
1016874984,100,0,690461399,100,3,1005953152,70,1,1012758866,100,6,1016963634,40,4
1016903836,100,0,690462980,40,2,692257349,80,3,1014447078,100,2,1014454503,100,2
1017043407,100,0,1008139715,80,1,1016904921,100,2,1017366087,90,2
